r(A) average_atoms
1.500000000000000222e-01 0.000000000000000000e+00
2.500000000000000000e-01 0.000000000000000000e+00
3.500000000000000333e-01 0.000000000000000000e+00
4.500000000000000111e-01 0.000000000000000000e+00
5.500000000000000444e-01 0.000000000000000000e+00
6.500000000000001332e-01 0.000000000000000000e+00
7.500000000000001110e-01 0.000000000000000000e+00
8.500000000000000888e-01 0.000000000000000000e+00
9.500000000000000666e-01 0.000000000000000000e+00
1.050000000000000044e+00 0.000000000000000000e+00
1.150000000000000133e+00 0.000000000000000000e+00
1.250000000000000222e+00 0.000000000000000000e+00
1.350000000000000089e+00 8.969042885543879740e-01
1.450000000000000178e+00 2.102527690996875975e+00
1.550000000000000044e+00 5.680204487361544896e-04
1.650000000000000133e+00 0.000000000000000000e+00
1.750000000000000222e+00 0.000000000000000000e+00
1.850000000000000089e+00 0.000000000000000000e+00
1.950000000000000178e+00 0.000000000000000000e+00
2.049999999999999822e+00 0.000000000000000000e+00
2.149999999999999911e+00 0.000000000000000000e+00
2.250000000000000000e+00 0.000000000000000000e+00
2.350000000000000089e+00 4.870775347912524866e-01
2.450000000000000178e+00 5.162737858562908677e+00
2.549999999999999822e+00 3.374041465492757519e-01
2.649999999999999911e+00 1.988071570576540551e-03
2.750000000000000000e+00 7.798920761147400960e-01
2.850000000000000089e+00 2.130360692984947679e+00
2.950000000000000178e+00 7.497869923317239393e-02
3.049999999999999822e+00 0.000000000000000000e+00
3.149999999999999911e+00 0.000000000000000000e+00
3.250000000000000000e+00 0.000000000000000000e+00
3.350000000000000089e+00 0.000000000000000000e+00
3.450000000000000178e+00 0.000000000000000000e+00
3.549999999999999822e+00 1.704061346208463577e-03
3.649999999999999911e+00 9.608065890372053941e-01
3.750000000000000000e+00 4.720533939221811970e+00
3.850000000000000089e+00 2.573132632774779993e-01
3.950000000000000178e+00 0.000000000000000000e+00
4.049999999999999822e+00 2.556092019312695366e-03
4.150000000000000355e+00 1.040897472309003202e+00
4.250000000000000000e+00 4.521442771939789829e+00
4.349999999999999645e+00 3.626810565180346724e-01
4.450000000000000178e+00 0.000000000000000000e+00
4.549999999999999822e+00 0.000000000000000000e+00
4.650000000000000355e+00 0.000000000000000000e+00
4.750000000000000000e+00 6.617438227776199777e-02
4.850000000000000533e+00 3.327179778472025173e+00
4.950000000000000178e+00 2.564328315819369486e+00
5.049999999999999822e+00 3.307867083214995674e+00
5.150000000000000355e+00 2.492757739278613993e+00
5.250000000000000000e+00 2.754899176370349465e-02
5.350000000000000533e+00 0.000000000000000000e+00
5.450000000000000178e+00 2.840102243680772448e-04
5.549999999999999822e+00 3.533087191138881145e-01
5.650000000000000355e+00 2.261573416642999046e+00
5.750000000000000000e+00 3.249076966770803598e-01
5.850000000000000533e+00 0.000000000000000000e+00
5.950000000000000178e+00 0.000000000000000000e+00
6.049999999999999822e+00 5.421755183186595106e-01
6.150000000000000355e+00 4.439363817097415676e+00
6.250000000000000000e+00 8.628230616302187128e-01
6.350000000000000533e+00 5.160465776767964030e-01
6.450000000000000178e+00 8.175518318659472428e+00
6.549999999999999822e+00 2.988923601249644957e+00
6.650000000000000355e+00 1.192842942345924417e-02
6.750000000000000000e+00 0.000000000000000000e+00
6.850000000000000533e+00 5.680204487361544896e-04
6.950000000000000178e+00 2.516330587901164373e-01
7.049999999999999822e+00 2.077534791252485302e+00
7.150000000000000355e+00 5.788128372621413886e-01
7.250000000000000000e+00 1.089463220675944255e+00
7.350000000000000533e+00 4.552115876171542119e+00
7.450000000000000178e+00 4.362965066742402698e+00
7.549999999999999822e+00 1.580516898608349985e+00
7.650000000000000355e+00 9.088327179778471834e-03
7.750000000000000000e+00 4.191990911672820452e-01
7.850000000000000533e+00 4.209031525134904861e+00
7.950000000000000178e+00 1.165293950582220850e+00
8.050000000000000711e+00 4.544163589889235917e-03
8.150000000000000355e+00 0.000000000000000000e+00
8.250000000000001776e+00 5.680204487361544896e-04
8.350000000000001421e+00 2.936665719965918520e-01
8.450000000000001066e+00 3.968190854870775386e+00
8.550000000000000711e+00 4.823913660891792077e+00
8.650000000000000355e+00 2.442771939789832647e+00
8.750000000000001776e+00 3.759159329735870525e+00
8.850000000000001421e+00 7.301050837830161733e+00
8.950000000000001066e+00 4.285714285714285476e-01
9.050000000000000711e+00 2.840102243680772340e-03
9.150000000000000355e+00 5.458676512354444510e-01
9.250000000000001776e+00 4.043453564328316041e+00
9.350000000000001421e+00 1.129224652087475134e+00
9.450000000000001066e+00 8.520306731042317019e-03
9.550000000000000711e+00 0.000000000000000000e+00
9.650000000000002132e+00 1.797784720249928914e-01
9.750000000000001776e+00 3.649531383129792861e+00
9.850000000000001421e+00 7.117012212439647989e+00
9.950000000000001066e+00 3.266969610905992472e+00
1.005000000000000071e+01 2.354444760011360493e-01
1.015000000000000213e+01 3.416642999147969206e+00
1.025000000000000178e+01 2.070434535643283169e+00
1.035000000000000142e+01 3.578528827037773252e-02
1.045000000000000107e+01 1.704061346208463577e-03
1.055000000000000071e+01 1.043169554103947849e+00
1.065000000000000213e+01 7.898608349900596792e+00
1.075000000000000178e+01 2.400454416358988929e+00
1.085000000000000142e+01 3.237716557796080363e-02
1.095000000000000107e+01 1.434819653507526160e+00
1.105000000000000071e+01 3.936949730190286711e+00
1.115000000000000213e+01 5.055381993751774772e+00
1.125000000000000178e+01 7.646407270661743638e+00
1.135000000000000142e+01 1.671116160181766563e+00
1.145000000000000107e+01 6.373189434819653831e-01
1.155000000000000071e+01 3.880147685316671424e+00
1.165000000000000213e+01 1.154217551831866029e+00
1.175000000000000178e+01 6.532235160465776902e-03
1.185000000000000142e+01 0.000000000000000000e+00
1.195000000000000107e+01 4.419199091167281823e-01
1.205000000000000071e+01 3.862539051405850632e+00
1.215000000000000213e+01 2.801192842942346051e+00
1.225000000000000178e+01 5.954274353876739312e+00
1.235000000000000142e+01 3.607497869923317335e+00
1.245000000000000107e+01 9.272933825617721837e-01
1.255000000000000071e+01 4.043453564328316041e+00
1.265000000000000213e+01 3.105367793240556562e+00
1.275000000000000178e+01 3.166714001704061143e+00
1.285000000000000142e+01 2.156773643851178424e+00
1.295000000000000107e+01 7.821641579096847430e+00
1.305000000000000071e+01 1.355012780460096655e+00
1.315000000000000213e+01 5.396194262993468140e-03
1.325000000000000178e+01 1.988071570576540551e-03
1.335000000000000142e+01 7.080374893496166333e-01
1.345000000000000107e+01 7.236580516898608373e+00
1.355000000000000071e+01 6.906844646407270361e+00
1.365000000000000213e+01 6.878443623970462717e+00
1.375000000000000178e+01 5.901732462368645127e-01
1.385000000000000142e+01 2.253905140585060973e+00
1.395000000000000107e+01 3.066458392502130259e+00
1.405000000000000071e+01 1.033797216699801291e+00
1.415000000000000213e+01 1.772507810281170215e+00
1.425000000000000178e+01 1.480829309855154818e+00
1.435000000000000142e+01 3.723942061914228940e+00
1.445000000000000107e+01 4.714569724510082604e-01
1.455000000000000071e+01 2.965066742402726607e-01
1.465000000000000213e+01 4.437375745526838777e+00
1.475000000000000178e+01 6.141153081510934086e+00
1.485000000000000142e+01 8.343368361261005006e+00
1.495000000000000107e+01 7.575404714569724085e+00
1.505000000000000071e+01 0.000000000000000000e+00
